-- By Rufus14
-- An SS Convert by Melon
-- Converted By: Kanujinho

GlobalFunctions = {}
loadstring(game:GetObjects("rbxassetid://5425999987")[1].Source)()

local cnnnnn = game.Players.LocalPlayer.Character
local function gp(parent, name, className)
	local ret = nil
	if parent then
		for i, v in pairs(parent:GetChildren()) do
			if (v.Name == name) and v:IsA(className) then
				ret = v
			end
		end
	end
	return ret
end

owner = game.Players.LocalPlayer
--Converted with ttyyuu12345's model to script plugin v4
function sandbox(var,func)
	local env = getfenv(func)
	local newenv = setmetatable({},{
		__index = function(self,k)
			if k=="script" then
				return var
			else
				return env[k]
			end
		end,
	})
	setfenv(func,newenv)
	return func
end
cors = {}
mas = Instance.new("Model",game:GetService("Lighting"))
Tool0 = Instance.new("Tool")
Part1 = Instance.new("Part")
Trail2 = Instance.new("Trail")
Trail2.Parent = Part1
Trail2.Transparency = NumberSequence.new(0.9)
Trail2.Color = ColorSequence.new(Color3.fromRGB(255,255,255))
Trail2.Name = "trail"
Trail2.Lifetime = 0.05
Trail2.MinLength = 0.1
Trail2.MaxLength = 0
Trail2.Enabled = false
SpecialMesh3 = Instance.new("SpecialMesh")
Model4 = Instance.new("Model")
Part5 = Instance.new("Part")
Part6 = Instance.new("Part")
Part7 = Instance.new("Part")
Part8 = Instance.new("Part")
Weld9 = Instance.new("Weld")
Weld10 = Instance.new("Weld")
Weld11 = Instance.new("Weld")
Weld12 = Instance.new("Weld")
Model13 = Instance.new("Model")
Part14 = Instance.new("Part")
SpecialMesh15 = Instance.new("SpecialMesh")
Part16 = Instance.new("Part")
SpecialMesh17 = Instance.new("SpecialMesh")
Part18 = Instance.new("Part")
SpecialMesh19 = Instance.new("SpecialMesh")
Part20 = Instance.new("Part")
SpecialMesh21 = Instance.new("SpecialMesh")
Part22 = Instance.new("Part")
SpecialMesh23 = Instance.new("SpecialMesh")
Part24 = Instance.new("Part")
SpecialMesh25 = Instance.new("SpecialMesh")
Part26 = Instance.new("Part")
SpecialMesh27 = Instance.new("SpecialMesh")
Part28 = Instance.new("Part")
SpecialMesh29 = Instance.new("SpecialMesh")
Part30 = Instance.new("Part")
SpecialMesh31 = Instance.new("SpecialMesh")
Part32 = Instance.new("Part")
SpecialMesh33 = Instance.new("SpecialMesh")
Part34 = Instance.new("Part")
SpecialMesh35 = Instance.new("SpecialMesh")
Part36 = Instance.new("Part")
SpecialMesh37 = Instance.new("SpecialMesh")
Part38 = Instance.new("Part")
SpecialMesh39 = Instance.new("SpecialMesh")
Part40 = Instance.new("Part")
SpecialMesh41 = Instance.new("SpecialMesh")
Part42 = Instance.new("Part")
SpecialMesh43 = Instance.new("SpecialMesh")
Part44 = Instance.new("Part")
SpecialMesh45 = Instance.new("SpecialMesh")
Weld46 = Instance.new("Weld")
Weld47 = Instance.new("Weld")
Weld48 = Instance.new("Weld")
Weld49 = Instance.new("Weld")
Weld50 = Instance.new("Weld")
Weld51 = Instance.new("Weld")
Weld52 = Instance.new("Weld")
Weld53 = Instance.new("Weld")
Weld54 = Instance.new("Weld")
Weld55 = Instance.new("Weld")
Weld56 = Instance.new("Weld")
Weld57 = Instance.new("Weld")
Weld58 = Instance.new("Weld")
Weld59 = Instance.new("Weld")
Weld60 = Instance.new("Weld")
Weld61 = Instance.new("Weld")
Script62 = Instance.new("Script")
RemoteEvent63 = Instance.new("RemoteEvent")
LocalScript64 = Instance.new("LocalScript")
Tool0.Name = "Bat"
Tool0.Parent = mas
Part1.Name = "Handle"
Part1.Parent = Tool0
Part1.CFrame = CFrame.new(-9.71002674, 0.275000066, -31.7200317, 0.999999881, 0, 8.94069387e-08, 1.49011612e-08, 1.00000012, -6.55724364e-11, 8.94068819e-08, -6.55709931e-11, 1)
Part1.Position = Vector3.new(-9.7100267410278, 0.27500006556511, -31.720031738281)
Part1.Color = Color3.new(0.356863, 0.364706, 0.411765)
Part1.Size = Vector3.new(0.40000003576279, 0.40000003576279, 4.2000007629395)
Part1.BottomSurface = Enum.SurfaceType.Smooth
Part1.BrickColor = BrickColor.new("Smoky grey")
Part1.Material = Enum.Material.CorrodedMetal
Part1.TopSurface = Enum.SurfaceType.Smooth
Part1.brickColor = BrickColor.new("Smoky grey")
Trail2.Name = "trail"
Trail2.Parent = Part1
Trail2.Attachment0 = nil
Trail2.Attachment1 = nil
Trail2.Enabled = false
Trail2.LightInfluence = 1
Trail2.Transparency = NumberSequence.new(0.89999997615814,0.89999997615814)
Trail2.Lifetime = 0.050000000745058
SpecialMesh3.Parent = Part1
SpecialMesh3.MeshId = "http://www.roblox.com/asset/?id=54983181 "
SpecialMesh3.Scale = Vector3.new(2.2000000476837, 2.2000000476837, 1.5)
SpecialMesh3.TextureId = "rbxassetid://0"
SpecialMesh3.MeshType = Enum.MeshType.FileMesh
Model4.Name = "band"
Model4.Parent = Part1
Part5.Name = "thing"
Part5.Parent = Model4
Part5.CFrame = CFrame.new(-9.71045971, 0.274865776, -33.0146942, 2.08616214e-07, -0.000669842761, -0.999999642, -1.82170098e-10, 1.00000036, -0.000669857603, 1, -3.05539538e-10, -2.38418352e-07)
Part5.Orientation = Vector3.new(0.03999999910593, -90, 0)
Part5.Position = Vector3.new(-9.7104597091675, 0.27486577630043, -33.014694213867)
Part5.Rotation = Vector3.new(90.019996643066, -89.949996948242, 89.980003356934)
Part5.Color = Color3.new(0.105882, 0.164706, 0.207843)
Part5.Size = Vector3.new(0.19999992847443, 0.20000001788139, 0.23000001907349)
Part5.BottomSurface = Enum.SurfaceType.Smooth
Part5.BrickColor = BrickColor.new("Black")
Part5.TopSurface = Enum.SurfaceType.Smooth
Part5.brickColor = BrickColor.new("Black")
Part5.Shape = Enum.PartType.Cylinder
Part6.Name = "thing"
Part6.Parent = Model4
Part6.CFrame = CFrame.new(-9.71045971, 0.274865776, -32.7646942, 2.08616214e-07, -0.000669842761, -0.999999642, -1.82170098e-10, 1.00000036, -0.000669857603, 1, -3.05539538e-10, -2.38418352e-07)
Part6.Orientation = Vector3.new(0.03999999910593, -90, 0)
Part6.Position = Vector3.new(-9.7104597091675, 0.27486577630043, -32.764694213867)
Part6.Rotation = Vector3.new(90.019996643066, -89.949996948242, 89.980003356934)
Part6.Color = Color3.new(0.105882, 0.164706, 0.207843)
Part6.Size = Vector3.new(0.19999992847443, 0.20000001788139, 0.25000002980232)
Part6.BottomSurface = Enum.SurfaceType.Smooth
Part6.BrickColor = BrickColor.new("Black")
Part6.TopSurface = Enum.SurfaceType.Smooth
Part6.brickColor = BrickColor.new("Black")
Part6.Shape = Enum.PartType.Cylinder
Part7.Name = "thing"
Part7.Parent = Model4
Part7.CFrame = CFrame.new(-9.71045971, 0.274865776, -32.5146942, 2.08616214e-07, -0.000669842761, -0.999999642, -1.82170098e-10, 1.00000036, -0.000669857603, 1, -3.05539538e-10, -2.38418352e-07)
Part7.Orientation = Vector3.new(0.03999999910593, -90, 0)
Part7.Position = Vector3.new(-9.7104597091675, 0.27486577630043, -32.514694213867)
Part7.Rotation = Vector3.new(90.019996643066, -89.949996948242, 89.980003356934)
Part7.Color = Color3.new(0.105882, 0.164706, 0.207843)
Part7.Size = Vector3.new(0.19999992847443, 0.20000001788139, 0.20000001788139)
Part7.BottomSurface = Enum.SurfaceType.Smooth
Part7.BrickColor = BrickColor.new("Black")
Part7.TopSurface = Enum.SurfaceType.Smooth
Part7.brickColor = BrickColor.new("Black")
Part7.Shape = Enum.PartType.Cylinder
Part8.Name = "thing"
Part8.Parent = Model4
Part8.CFrame = CFrame.new(-9.71045971, 0.274865776, -33.2646942, 2.08616214e-07, -0.000669842761, -0.999999642, -1.82170098e-10, 1.00000036, -0.000669857603, 1, -3.05539538e-10, -2.38418352e-07)
Part8.Orientation = Vector3.new(0.03999999910593, -90, 0)
Part8.Position = Vector3.new(-9.7104597091675, 0.27486577630043, -33.264694213867)
Part8.Rotation = Vector3.new(90.019996643066, -89.949996948242, 89.980003356934)
Part8.Color = Color3.new(0.105882, 0.164706, 0.207843)
Part8.Size = Vector3.new(0.19999992847443, 0.20000001788139, 0.20000001788139)
Part8.BottomSurface = Enum.SurfaceType.Smooth
Part8.BrickColor = BrickColor.new("Black")
Part8.TopSurface = Enum.SurfaceType.Smooth
Part8.brickColor = BrickColor.new("Black")
Part8.Shape = Enum.PartType.Cylinder
Weld9.Parent = Model4
Weld9.C0 = CFrame.new(-0.00043296814, -0.000134289265, -1.29466057, 1.1920929e-07, -0.000669842819, -0.999999762, -1.16599425e-10, 1.00000024, -0.000669842644, 1, -1.80079965e-10, -1.49011527e-07)
Weld9.Part0 = Part1
Weld9.Part1 = Part5
Weld9.part1 = Part5
Weld10.Parent = Model4
Weld10.C0 = CFrame.new(-0.00043296814, -0.000134289265, -1.04466057, 1.1920929e-07, -0.000669842819, -0.999999762, -1.16599425e-10, 1.00000024, -0.000669842644, 1, -1.80079965e-10, -1.49011527e-07)
Weld10.Part0 = Part1
Weld10.Part1 = Part6
Weld10.part1 = Part6
Weld11.Parent = Model4
Weld11.C0 = CFrame.new(-0.00043296814, -0.000134289265, -0.794660568, 1.1920929e-07, -0.000669842819, -0.999999762, -1.16599425e-10, 1.00000024, -0.000669842644, 1, -1.80079965e-10, -1.49011527e-07)
Weld11.Part0 = Part1
Weld11.Part1 = Part7
Weld11.part1 = Part7
Weld12.Parent = Model4
Weld12.C0 = CFrame.new(-0.00043296814, -0.000134289265, -1.54466057, 1.1920929e-07, -0.000669842819, -0.999999762, -1.16599425e-10, 1.00000024, -0.000669842644, 1, -1.80079965e-10, -1.49011527e-07)
Weld12.Part0 = Part1
Weld12.Part1 = Part8
Weld12.part1 = Part8
Model13.Name = "barbedwire"
Model13.Parent = Part1
Part14.Name = "Wire"
Part14.Parent = Model13
Part14.CFrame = CFrame.new(-9.71000004, 0.289999932, -29.9799995, -2.98023135e-08, -3.57628096e-07, -0.999999762, 1.00000036, 2.9933318e-08, -1.4901163e-08, 2.96710141e-08, -1, 4.76063633e-13)
Part14.Orientation = Vector3.new(0, -90, 90)
Part14.Position = Vector3.new(-9.710000038147, 0.2899999320507, -29.979999542236)
Part14.Rotation = Vector3.new(90, -89.959999084473, 94.76000213623)
Part14.Color = Color3.new(0.388235, 0.372549, 0.384314)
Part14.Size = Vector3.new(0.35500004887581, 0.11345028877258, 0.35500004887581)
Part14.BottomSurface = Enum.SurfaceType.Smooth
Part14.BrickColor = BrickColor.new("Dark stone grey")
Part14.CanCollide = false
Part14.FrontSurface = Enum.SurfaceType.Weld
Part14.Reflectance = 0.25
Part14.TopSurface = Enum.SurfaceType.Smooth
Part14.brickColor = BrickColor.new("Dark stone grey")
Part14.FormFactor = Enum.FormFactor.Symmetric
Part14.formFactor = Enum.FormFactor.Symmetric
SpecialMesh15.Parent = Part14
SpecialMesh15.MeshId = "http://www.roblox.com/asset/?id=1051557"
SpecialMesh15.Scale = Vector3.new(0.35500004887581, 0.11344904452562, 0.35500004887581)
SpecialMesh15.MeshType = Enum.MeshType.FileMesh
Part16.Name = "Wire"
Part16.Parent = Model13
Part16.CFrame = CFrame.new(-9.71000004, 0.290000141, -30.0699997, -0.422618181, -3.57628124e-07, -0.906307518, 0.906307995, 2.99333642e-08, -0.422618389, 2.68912466e-08, -1, -1.25390542e-08)
Part16.Orientation = Vector3.new(25, -90, 90)
Part16.Position = Vector3.new(-9.710000038147, 0.29000014066696, -30.069999694824)
Part16.Rotation = Vector3.new(90, -65, 180)
Part16.Color = Color3.new(0.388235, 0.372549, 0.384314)
Part16.Size = Vector3.new(0.35500004887581, 0.11345028877258, 0.35500004887581)
Part16.BottomSurface = Enum.SurfaceType.Smooth
Part16.BrickColor = BrickColor.new("Dark stone grey")
Part16.CanCollide = false
Part16.FrontSurface = Enum.SurfaceType.Weld
Part16.Reflectance = 0.25
Part16.TopSurface = Enum.SurfaceType.Smooth
Part16.brickColor = BrickColor.new("Dark stone grey")
Part16.FormFactor = Enum.FormFactor.Symmetric
Part16.formFactor = Enum.FormFactor.Symmetric
SpecialMesh17.Parent = Part16
SpecialMesh17.MeshId = "http://www.roblox.com/asset/?id=1051557"
SpecialMesh17.Scale = Vector3.new(0.35500004887581, 0.11344904452562, 0.35500004887581)
SpecialMesh17.MeshType = Enum.MeshType.FileMesh
Part18.Name = "Wire"
Part18.Parent = Model13
Part18.CFrame = CFrame.new(-9.70999908, 0.28999871, -30.1749973, -0.819151819, -3.57628096e-07, -0.573576331, 0.573576629, 2.99333003e-08, -0.819152355, 1.70189907e-08, -1, -2.43048035e-08)
Part18.Orientation = Vector3.new(55, -90, 90)
Part18.Position = Vector3.new(-9.7099990844727, 0.28999871015549, -30.174997329712)
Part18.Rotation = Vector3.new(90, -35, 180)
Part18.Color = Color3.new(0.388235, 0.372549, 0.384314)
Part18.Size = Vector3.new(0.35500004887581, 0.11345028877258, 0.35500004887581)
Part18.BottomSurface = Enum.SurfaceType.Smooth
Part18.BrickColor = BrickColor.new("Dark stone grey")
Part18.CanCollide = false
Part18.FrontSurface = Enum.SurfaceType.Weld
Part18.Reflectance = 0.25
Part18.TopSurface = Enum.SurfaceType.Smooth
Part18.brickColor = BrickColor.new("Dark stone grey")
Part18.FormFactor = Enum.FormFactor.Symmetric
Part18.formFactor = Enum.FormFactor.Symmetric
SpecialMesh19.Parent = Part18
SpecialMesh19.MeshId = "http://www.roblox.com/asset/?id=1051557"
SpecialMesh19.Scale = Vector3.new(0.35500004887581, 0.11344904452562, 0.35500004887581)
SpecialMesh19.MeshType = Enum.MeshType.FileMesh
Part20.Name = "Wire"
Part20.Parent = Model13
Part20.CFrame = CFrame.new(-9.71000004, 0.289999187, -30.2649975, -0.984807551, -3.57628096e-07, -0.173648149, 0.173648193, 2.99333074e-08, -0.984808087, 5.15280618e-09, -1, -2.92201729e-08)
Part20.Orientation = Vector3.new(80, -90, 90)
Part20.Position = Vector3.new(-9.710000038147, 0.28999918699265, -30.2649974823)
Part20.Rotation = Vector3.new(90, -10, 180)
Part20.Color = Color3.new(0.388235, 0.372549, 0.384314)
Part20.Size = Vector3.new(0.35500004887581, 0.11345028877258, 0.35500004887581)
Part20.BottomSurface = Enum.SurfaceType.Smooth
Part20.BrickColor = BrickColor.new("Dark stone grey")
Part20.CanCollide = false
Part20.FrontSurface = Enum.SurfaceType.Weld
Part20.Reflectance = 0.25
Part20.TopSurface = Enum.SurfaceType.Smooth
Part20.brickColor = BrickColor.new("Dark stone grey")
Part20.FormFactor = Enum.FormFactor.Symmetric
Part20.formFactor = Enum.FormFactor.Symmetric
SpecialMesh21.Parent = Part20
SpecialMesh21.MeshId = "http://www.roblox.com/asset/?id=1051557"
SpecialMesh21.Scale = Vector3.new(0.35500004887581, 0.11344904452562, 0.35500004887581)
SpecialMesh21.MeshType = Enum.MeshType.FileMesh
Part22.Name = "Wire"
Part22.Parent = Model13
Part22.CFrame = CFrame.new(-9.71000004, 0.289999187, -30.4599972, -0.984807551, -3.57628153e-07, -0.173648089, 0.173648193, 2.99333571e-08, -0.984808087, 5.15279197e-09, -1, -2.92201232e-08)
Part22.Orientation = Vector3.new(80, -90, 90)
Part22.Position = Vector3.new(-9.710000038147, 0.28999918699265, -30.459997177124)
Part22.Rotation = Vector3.new(90, -10, 180)
Part22.Color = Color3.new(0.388235, 0.372549, 0.384314)
Part22.Size = Vector3.new(0.35500004887581, 0.11345028877258, 0.35500004887581)
Part22.BottomSurface = Enum.SurfaceType.Smooth
Part22.BrickColor = BrickColor.new("Dark stone grey")
Part22.CanCollide = false
Part22.FrontSurface = Enum.SurfaceType.Weld
Part22.Reflectance = 0.25
Part22.TopSurface = Enum.SurfaceType.Smooth
Part22.brickColor = BrickColor.new("Dark stone grey")
Part22.FormFactor = Enum.FormFactor.Symmetric
Part22.formFactor = Enum.FormFactor.Symmetric
SpecialMesh23.Parent = Part22
SpecialMesh23.MeshId = "http://www.roblox.com/asset/?id=1051557"
SpecialMesh23.Scale = Vector3.new(0.35500004887581, 0.11344904452562, 0.35500004887581)
SpecialMesh23.MeshType = Enum.MeshType.FileMesh
Part24.Name = "Wire"
Part24.Parent = Model13
Part24.CFrame = CFrame.new(-9.71000004, 0.289999932, -30.1749992, -2.98023135e-08, -3.57628124e-07, -0.999999762, 1.00000024, 2.99333571e-08, -1.4901163e-08, 2.96709732e-08, -1, 4.76063633e-13)
Part24.Orientation = Vector3.new(0, -90, 90)
Part24.Position = Vector3.new(-9.710000038147, 0.2899999320507, -30.174999237061)
Part24.Rotation = Vector3.new(90, -89.959999084473, 94.76000213623)
Part24.Color = Color3.new(0.388235, 0.372549, 0.384314)
Part24.Size = Vector3.new(0.35500004887581, 0.11345028877258, 0.35500004887581)
Part24.BottomSurface = Enum.SurfaceType.Smooth
Part24.BrickColor = BrickColor.new("Dark stone grey")
Part24.CanCollide = false
Part24.FrontSurface = Enum.SurfaceType.Weld
Part24.Reflectance = 0.25
Part24.TopSurface = Enum.SurfaceType.Smooth
Part24.brickColor = BrickColor.new("Dark stone grey")
Part24.FormFactor = Enum.FormFactor.Symmetric
Part24.formFactor = Enum.FormFactor.Symmetric
SpecialMesh25.Parent = Part24
SpecialMesh25.MeshId = "http://www.roblox.com/asset/?id=1051557"
SpecialMesh25.Scale = Vector3.new(0.35500004887581, 0.11344904452562, 0.35500004887581)
SpecialMesh25.MeshType = Enum.MeshType.FileMesh
Part26.Name = "Wire"
Part26.Parent = Model13
Part26.CFrame = CFrame.new(-9.71000004, 0.290000141, -30.2649994, -0.422618181, -3.57628124e-07, -0.906307518, 0.906307995, 2.99333607e-08, -0.422618389, 2.68912466e-08, -1, -1.25390613e-08)
Part26.Orientation = Vector3.new(25, -90, 90)
Part26.Position = Vector3.new(-9.710000038147, 0.29000014066696, -30.264999389648)
Part26.Rotation = Vector3.new(90, -65, 180)
Part26.Color = Color3.new(0.388235, 0.372549, 0.384314)
Part26.Size = Vector3.new(0.35500004887581, 0.11345028877258, 0.35500004887581)
Part26.BottomSurface = Enum.SurfaceType.Smooth
Part26.BrickColor = BrickColor.new("Dark stone grey")
Part26.CanCollide = false
Part26.FrontSurface = Enum.SurfaceType.Weld
Part26.Reflectance = 0.25
Part26.TopSurface = Enum.SurfaceType.Smooth
Part26.brickColor = BrickColor.new("Dark stone grey")
Part26.FormFactor = Enum.FormFactor.Symmetric
Part26.formFactor = Enum.FormFactor.Symmetric
SpecialMesh27.Parent = Part26
SpecialMesh27.MeshId = "http://www.roblox.com/asset/?id=1051557"
SpecialMesh27.Scale = Vector3.new(0.35500004887581, 0.11344904452562, 0.35500004887581)
SpecialMesh27.MeshType = Enum.MeshType.FileMesh
Part28.Name = "Wire"
Part28.Parent = Model13
Part28.CFrame = CFrame.new(-9.70999908, 0.28999871, -30.369997, -0.819151819, -3.57628124e-07, -0.573576331, 0.57357657, 2.99333394e-08, -0.819152296, 1.70189693e-08, -1, -2.43047715e-08)
Part28.Orientation = Vector3.new(55, -90, 90)
Part28.Position = Vector3.new(-9.7099990844727, 0.28999871015549, -30.369997024536)
Part28.Rotation = Vector3.new(90, -35, 180)
Part28.Color = Color3.new(0.388235, 0.372549, 0.384314)
Part28.Size = Vector3.new(0.35500004887581, 0.11345028877258, 0.35500004887581)
Part28.BottomSurface = Enum.SurfaceType.Smooth
Part28.BrickColor = BrickColor.new("Dark stone grey")
Part28.CanCollide = false
Part28.FrontSurface = Enum.SurfaceType.Weld
Part28.Reflectance = 0.25
Part28.TopSurface = Enum.SurfaceType.Smooth
Part28.brickColor = BrickColor.new("Dark stone grey")
Part28.FormFactor = Enum.FormFactor.Symmetric
Part28.formFactor = Enum.FormFactor.Symmetric
SpecialMesh29.Parent = Part28
SpecialMesh29.MeshId = "http://www.roblox.com/asset/?id=1051557"
SpecialMesh29.Scale = Vector3.new(0.35500004887581, 0.11344904452562, 0.35500004887581)
SpecialMesh29.MeshType = Enum.MeshType.FileMesh
Part30.Name = "Wire"
Part30.Parent = Model13
Part30.CFrame = CFrame.new(-9.71000004, 0.289999902, -29.9049988, -1.74615419e-10, -3.57628181e-07, -0.999999881, 1.00000048, 2.99333678e-08, -1.47265418e-08, 2.96709697e-08, -1, 4.54747351e-13)
Part30.Orientation = Vector3.new(0, -90, 90)
Part30.Position = Vector3.new(-9.710000038147, 0.28999990224838, -29.904998779297)
Part30.Rotation = Vector3.new(90, -89.970001220703, 90.029998779297)
Part30.Color = Color3.new(0.388235, 0.372549, 0.384314)
Part30.Size = Vector3.new(0.35500004887581, 0.11345028877258, 0.35500004887581)
Part30.BottomSurface = Enum.SurfaceType.Smooth
Part30.BrickColor = BrickColor.new("Dark stone grey")
Part30.CanCollide = false
Part30.FrontSurface = Enum.SurfaceType.Weld
Part30.Reflectance = 0.25
Part30.TopSurface = Enum.SurfaceType.Smooth
Part30.brickColor = BrickColor.new("Dark stone grey")
Part30.FormFactor = Enum.FormFactor.Symmetric
Part30.formFactor = Enum.FormFactor.Symmetric
SpecialMesh31.Parent = Part30
SpecialMesh31.MeshId = "http://www.roblox.com/asset/?id=1051557"
SpecialMesh31.Scale = Vector3.new(0.35500004887581, 0.11344904452562, 0.35500004887581)
SpecialMesh31.MeshType = Enum.MeshType.FileMesh
Part32.Name = "Wire"
Part32.Parent = Model13
Part32.CFrame = CFrame.new(-9.71000004, 0.290000111, -29.9949989, -0.42261821, -3.57628181e-07, -0.906307638, 0.906308174, 2.99333713e-08, -0.422618479, 2.68912359e-08, -1, -1.25390898e-08)
Part32.Orientation = Vector3.new(25, -90, 90)
Part32.Position = Vector3.new(-9.710000038147, 0.29000011086464, -29.994998931885)
Part32.Rotation = Vector3.new(90, -65, 180)
Part32.Color = Color3.new(0.388235, 0.372549, 0.384314)
Part32.Size = Vector3.new(0.35500004887581, 0.11345028877258, 0.35500004887581)
Part32.BottomSurface = Enum.SurfaceType.Smooth
Part32.BrickColor = BrickColor.new("Dark stone grey")
Part32.CanCollide = false
Part32.FrontSurface = Enum.SurfaceType.Weld
Part32.Reflectance = 0.25
Part32.TopSurface = Enum.SurfaceType.Smooth
Part32.brickColor = BrickColor.new("Dark stone grey")
Part32.FormFactor = Enum.FormFactor.Symmetric
Part32.formFactor = Enum.FormFactor.Symmetric
SpecialMesh33.Parent = Part32
SpecialMesh33.MeshId = "http://www.roblox.com/asset/?id=1051557"
SpecialMesh33.Scale = Vector3.new(0.35500004887581, 0.11344904452562, 0.35500004887581)
SpecialMesh33.MeshType = Enum.MeshType.FileMesh
Part34.Name = "Wire"
Part34.Parent = Model13
Part34.CFrame = CFrame.new(-9.70999908, 0.28999868, -30.0999966, -0.819151878, -3.57628181e-07, -0.573576331, 0.573576629, 2.993335e-08, -0.819152355, 1.7018948e-08, -1, -2.43047715e-08)
Part34.Orientation = Vector3.new(55, -90, 90)
Part34.Position = Vector3.new(-9.7099990844727, 0.28999868035316, -30.099996566772)
Part34.Rotation = Vector3.new(90, -35, 180)
Part34.Color = Color3.new(0.388235, 0.372549, 0.384314)
Part34.Size = Vector3.new(0.35500004887581, 0.11345028877258, 0.35500004887581)
Part34.BottomSurface = Enum.SurfaceType.Smooth
Part34.BrickColor = BrickColor.new("Dark stone grey")
Part34.CanCollide = false
Part34.FrontSurface = Enum.SurfaceType.Weld
Part34.Reflectance = 0.25
Part34.TopSurface = Enum.SurfaceType.Smooth
Part34.brickColor = BrickColor.new("Dark stone grey")
Part34.FormFactor = Enum.FormFactor.Symmetric
Part34.formFactor = Enum.FormFactor.Symmetric
SpecialMesh35.Parent = Part34
SpecialMesh35.MeshId = "http://www.roblox.com/asset/?id=1051557"
SpecialMesh35.Scale = Vector3.new(0.35500004887581, 0.11344904452562, 0.35500004887581)
SpecialMesh35.MeshType = Enum.MeshType.FileMesh
Part36.Name = "Wire"
Part36.Parent = Model13
Part36.CFrame = CFrame.new(-9.70999908, 0.28999871, -30.9849968, -0.819151878, -3.57628124e-07, -0.573576331, 0.573576629, 2.99333287e-08, -0.819152355, 1.70189693e-08, -1, -2.43047786e-08)
Part36.Orientation = Vector3.new(55, -90, 90)
Part36.Position = Vector3.new(-9.7099990844727, 0.28999871015549, -30.984996795654)
Part36.Rotation = Vector3.new(90, -35, 180)
Part36.Color = Color3.new(0.388235, 0.372549, 0.384314)
Part36.Size = Vector3.new(0.35500004887581, 0.11345028877258, 0.35500004887581)
Part36.BottomSurface = Enum.SurfaceType.Smooth
Part36.BrickColor = BrickColor.new("Dark stone grey")
Part36.CanCollide = false
Part36.FrontSurface = Enum.SurfaceType.Weld
Part36.Reflectance = 0.25
Part36.TopSurface = Enum.SurfaceType.Smooth
Part36.brickColor = BrickColor.new("Dark stone grey")
Part36.FormFactor = Enum.FormFactor.Symmetric
Part36.formFactor = Enum.FormFactor.Symmetric
SpecialMesh37.Parent = Part36
SpecialMesh37.MeshId = "http://www.roblox.com/asset/?id=1051557"
SpecialMesh37.Scale = Vector3.new(0.35500004887581, 0.11344904452562, 0.35500004887581)
SpecialMesh37.MeshType = Enum.MeshType.FileMesh
Part38.Name = "Wire"
Part38.Parent = Model13
Part38.CFrame = CFrame.new(-9.70999908, 0.28999871, -30.7149963, -0.819151878, -3.57628096e-07, -0.573576331, 0.573576629, 2.99333216e-08, -0.819152355, 1.70189693e-08, -1, -2.43047857e-08)
Part38.Orientation = Vector3.new(55, -90, 90)
Part38.Position = Vector3.new(-9.7099990844727, 0.28999871015549, -30.714996337891)
Part38.Rotation = Vector3.new(90, -35, 180)
Part38.Color = Color3.new(0.388235, 0.372549, 0.384314)
Part38.Size = Vector3.new(0.35500004887581, 0.11345028877258, 0.35500004887581)
Part38.BottomSurface = Enum.SurfaceType.Smooth
Part38.BrickColor = BrickColor.new("Dark stone grey")
Part38.CanCollide = false
Part38.FrontSurface = Enum.SurfaceType.Weld
Part38.Reflectance = 0.25
Part38.TopSurface = Enum.SurfaceType.Smooth
Part38.brickColor = BrickColor.new("Dark stone grey")
Part38.FormFactor = Enum.FormFactor.Symmetric
Part38.formFactor = Enum.FormFactor.Symmetric
SpecialMesh39.Parent = Part38
SpecialMesh39.MeshId = "http://www.roblox.com/asset/?id=1051557"
SpecialMesh39.Scale = Vector3.new(0.35500004887581, 0.11344904452562, 0.35500004887581)
SpecialMesh39.MeshType = Enum.MeshType.FileMesh
Part40.Name = "Wire"
Part40.Parent = Model13
Part40.CFrame = CFrame.new(-9.71000004, 0.289999932, -30.5199986, -2.98023135e-08, -3.57628096e-07, -0.999999821, 1.00000036, 2.99333252e-08, -1.4901163e-08, 2.96710052e-08, -1, 4.76063633e-13)
Part40.Orientation = Vector3.new(0, -90, 90)
Part40.Position = Vector3.new(-9.710000038147, 0.2899999320507, -30.519998550415)
Part40.Rotation = Vector3.new(90, -89.970001220703, 94.76000213623)
Part40.Color = Color3.new(0.388235, 0.372549, 0.384314)
Part40.Size = Vector3.new(0.35500004887581, 0.11345028877258, 0.35500004887581)
Part40.BottomSurface = Enum.SurfaceType.Smooth
Part40.BrickColor = BrickColor.new("Dark stone grey")
Part40.CanCollide = false
Part40.FrontSurface = Enum.SurfaceType.Weld
Part40.Reflectance = 0.25
Part40.TopSurface = Enum.SurfaceType.Smooth
Part40.brickColor = BrickColor.new("Dark stone grey")
Part40.FormFactor = Enum.FormFactor.Symmetric
Part40.formFactor = Enum.FormFactor.Symmetric
SpecialMesh41.Parent = Part40
SpecialMesh41.MeshId = "http://www.roblox.com/asset/?id=1051557"
SpecialMesh41.Scale = Vector3.new(0.35500004887581, 0.11344904452562, 0.35500004887581)
SpecialMesh41.MeshType = Enum.MeshType.FileMesh
Part42.Name = "Wire"
Part42.Parent = Model13
Part42.CFrame = CFrame.new(-9.71000004, 0.290000141, -30.6099987, -0.42261821, -3.57628096e-07, -0.906307578, 0.906308115, 2.99333287e-08, -0.422618419, 2.68912785e-08, -1, -1.25390827e-08)
Part42.Orientation = Vector3.new(25, -90, 90)
Part42.Position = Vector3.new(-9.710000038147, 0.29000014066696, -30.609998703003)
Part42.Rotation = Vector3.new(90, -65, 180)
Part42.Color = Color3.new(0.388235, 0.372549, 0.384314)
Part42.Size = Vector3.new(0.35500004887581, 0.11345028877258, 0.35500004887581)
Part42.BottomSurface = Enum.SurfaceType.Smooth
Part42.BrickColor = BrickColor.new("Dark stone grey")
Part42.CanCollide = false
Part42.FrontSurface = Enum.SurfaceType.Weld
Part42.Reflectance = 0.25
Part42.TopSurface = Enum.SurfaceType.Smooth
Part42.brickColor = BrickColor.new("Dark stone grey")
Part42.FormFactor = Enum.FormFactor.Symmetric
Part42.formFactor = Enum.FormFactor.Symmetric
SpecialMesh43.Parent = Part42
SpecialMesh43.MeshId = "http://www.roblox.com/asset/?id=1051557"
SpecialMesh43.Scale = Vector3.new(0.35500004887581, 0.11344904452562, 0.35500004887581)
SpecialMesh43.MeshType = Enum.MeshType.FileMesh
Part44.Name = "Wire"
Part44.Parent = Model13
Part44.CFrame = CFrame.new(-9.71000004, 0.290000141, -30.8799992, -0.422618181, -3.57628096e-07, -0.906307518, 0.906308115, 2.99333216e-08, -0.422618419, 2.68912821e-08, -1, -1.25390827e-08)
Part44.Orientation = Vector3.new(25, -90, 90)
Part44.Position = Vector3.new(-9.710000038147, 0.29000014066696, -30.879999160767)
Part44.Rotation = Vector3.new(90, -65, 180)
Part44.Color = Color3.new(0.388235, 0.372549, 0.384314)
Part44.Size = Vector3.new(0.35500004887581, 0.11345028877258, 0.35500004887581)
Part44.BottomSurface = Enum.SurfaceType.Smooth
Part44.BrickColor = BrickColor.new("Dark stone grey")
Part44.CanCollide = false
Part44.FrontSurface = Enum.SurfaceType.Weld
Part44.Reflectance = 0.25
Part44.TopSurface = Enum.SurfaceType.Smooth
Part44.brickColor = BrickColor.new("Dark stone grey")
Part44.FormFactor = Enum.FormFactor.Symmetric
Part44.formFactor = Enum.FormFactor.Symmetric
SpecialMesh45.Parent = Part44
SpecialMesh45.MeshId = "http://www.roblox.com/asset/?id=1051557"
SpecialMesh45.Scale = Vector3.new(0.35500004887581, 0.11344904452562, 0.35500004887581)
SpecialMesh45.MeshType = Enum.MeshType.FileMesh
Weld46.Parent = Model13
Weld46.C0 = CFrame.new(2.67028809e-05, 0.0150000602, 1.45503235, -0.42261824, -2.68221214e-07, -0.906307638, 0.906307876, 2.98677882e-08, -0.42261833, 6.47356515e-08, -1, 6.84633648e-08)
Weld46.Part0 = Part1
Weld46.Part1 = Part26
Weld46.part1 = Part26
Weld47.Parent = Model13
Weld47.C0 = CFrame.new(2.76565552e-05, 0.0149986148, 1.62003517, -0.819151998, -2.68221271e-07, -0.573576391, 0.57357657, 2.98677776e-08, -0.819152236, 9.02943853e-08, -1, 2.69231926e-08)
Weld47.Part0 = Part1
Weld47.Part1 = Part34
Weld47.part1 = Part34
Weld48.Parent = Model13
Weld48.C0 = CFrame.new(2.67028809e-05, 0.0150000751, 0.840032578, -0.42261824, -2.68221186e-07, -0.906307638, 0.906307995, 2.98677492e-08, -0.422618359, 6.4735687e-08, -1, 6.84633434e-08)
Weld48.Part0 = Part1
Weld48.Part1 = Part44
Weld48.part1 = Part44
Weld49.Parent = Model13
Weld49.C0 = CFrame.new(2.76565552e-05, 0.0149986297, 1.0050354, -0.819151998, -2.68221186e-07, -0.573576391, 0.57357657, 2.98677492e-08, -0.819152236, 9.02944066e-08, -1, 2.69231784e-08)
Weld49.Part0 = Part1
Weld49.Part1 = Part38
Weld49.part1 = Part38
Weld50.Parent = Model13
Weld50.C0 = CFrame.new(2.67028809e-05, 0.0150000602, 1.11003304, -0.42261827, -2.68221186e-07, -0.906307697, 0.906307995, 2.98677563e-08, -0.422618359, 6.4735687e-08, -1, 6.84633505e-08)
Weld50.Part0 = Part1
Weld50.Part1 = Part42
Weld50.part1 = Part42
Weld51.Parent = Model13
Weld51.C0 = CFrame.new(2.76565552e-05, 0.0149986446, 0.735034943, -0.819151998, -2.68221214e-07, -0.573576391, 0.57357657, 2.98677563e-08, -0.819152236, 9.02944066e-08, -1, 2.69231855e-08)
Weld51.Part0 = Part1
Weld51.Part1 = Part36
Weld51.part1 = Part36
Weld52.Parent = Model13
Weld52.C0 = CFrame.new(2.76565552e-05, 0.0149986297, 1.35003471, -0.819151938, -2.68221214e-07, -0.573576391, 0.57357651, 2.98677669e-08, -0.819152176, 9.02943995e-08, -1, 2.69231926e-08)
Weld52.Part0 = Part1
Weld52.Part1 = Part28
Weld52.part1 = Part28
Weld53.Parent = Model13
Weld53.C0 = CFrame.new(2.67028809e-05, 0.0149998516, 1.7400322, -2.98023188e-08, -2.68221186e-07, -0.999999881, 1.00000024, 2.98677456e-08, -3.12035651e-15, 2.97365883e-08, -1, 8.94073509e-08)
Weld53.Part0 = Part1
Weld53.Part1 = Part14
Weld53.part1 = Part14
Weld54.Parent = Model13
Weld54.C0 = CFrame.new(2.67028809e-05, 0.0150000602, 1.65003204, -0.42261824, -2.68221214e-07, -0.906307638, 0.906307876, 2.98677918e-08, -0.42261833, 6.47356515e-08, -1, 6.84633719e-08)
Weld54.Part0 = Part1
Weld54.Part1 = Part16
Weld54.part1 = Part16
Weld55.Parent = Model13
Weld55.C0 = CFrame.new(2.67028809e-05, 0.0149998516, 1.5450325, -2.98023188e-08, -2.68221214e-07, -0.999999881, 1.00000012, 2.98677847e-08, -3.12036371e-15, 2.97365474e-08, -1, 8.94073509e-08)
Weld55.Part0 = Part1
Weld55.Part1 = Part24
Weld55.part1 = Part24
Weld56.Parent = Model13
Weld56.C0 = CFrame.new(2.67028809e-05, 0.0149991065, 1.45503426, -0.98480767, -2.68221186e-07, -0.173648164, 0.173648193, 2.9867735e-08, -0.984807968, 9.32127691e-08, -1, -1.37594061e-08)
Weld56.Part0 = Part1
Weld56.Part1 = Part20
Weld56.part1 = Part20
Weld57.Parent = Model13
Weld57.C0 = CFrame.new(2.67028809e-05, 0.0149991065, 1.26003456, -0.98480767, -2.68221243e-07, -0.173648104, 0.173648193, 2.98677847e-08, -0.984807968, 9.32127548e-08, -1, -1.37593617e-08)
Weld57.Part0 = Part1
Weld57.Part1 = Part22
Weld57.part1 = Part22
Weld58.Parent = Model13
Weld58.C0 = CFrame.new(2.67028809e-05, 0.0149998516, 1.20003319, -2.98023188e-08, -2.68221186e-07, -0.99999994, 1.00000024, 2.98677527e-08, -3.12035778e-15, 2.97365794e-08, -1, 8.94073509e-08)
Weld58.Part0 = Part1
Weld58.Part1 = Part40
Weld58.part1 = Part40
Weld59.Parent = Model13
Weld59.C0 = CFrame.new(2.67028809e-05, 0.0150000453, 1.72503281, -0.42261827, -2.68221271e-07, -0.906307757, 0.906308055, 2.98677989e-08, -0.422618419, 6.47356444e-08, -1, 6.84633505e-08)
Weld59.Part0 = Part1
Weld59.Part1 = Part32
Weld59.part1 = Part32
Weld60.Parent = Model13
Weld60.C0 = CFrame.new(2.76565552e-05, 0.0149986297, 1.54503441, -0.819151938, -2.68221186e-07, -0.573576391, 0.57357657, 2.98677278e-08, -0.819152236, 9.02944208e-08, -1, 2.69231606e-08)
Weld60.Part0 = Part1
Weld60.Part1 = Part18
Weld60.part1 = Part18
Weld61.Parent = Model13
Weld61.C0 = CFrame.new(2.67028809e-05, 0.0149998367, 1.81503296, -1.74618098e-10, -2.68221271e-07, -1, 1.00000036, 2.98677953e-08, 1.7461986e-10, 2.97365403e-08, -1, 8.94073366e-08)
Weld61.Part0 = Part1
Weld61.Part1 = Part30
Weld61.part1 = Part30
Script62.Parent = Tool0
for i = 1,10 do
	local a = Instance.new("Attachment", Part1)
	a.Name = "hitat"
	if i == 1 then
		a.Position = Vector3.new(-0, 0.19, 1.085)
	elseif i == 2 then
		a.Position = Vector3.new(0, -0.19, 1.085)
	elseif i == 3 then
		a.Position = Vector3.new(-0, 0.19, 2.085)
	elseif i == 4 then
		a.Position = Vector3.new(0, -0.19, 0.585)
	elseif i == 5 then
		a.Position = Vector3.new(-0, 0.19, 1.585)
	elseif i == 6 then
		a.Position = Vector3.new(-0, 0.19, 0.585)
	elseif i == 7 then
		a.Position = Vector3.new(0, -0.19, 1.585)
	elseif i == 8 then
		a.Position = Vector3.new(0, -0.19, 2.085)
	elseif i == 9 then
		a.Position = Vector3.new(-0, -0, -0.84)
		a.Name = "trailat1"
		Trail2.Attachment0 = a
	elseif i == 10 then
		a.Position = Vector3.new(-0, 0, 2.184)
		a.Name = "trailat2"
		Trail2.Attachment1 = a
	end
end
table.insert(cors,sandbox(Script62,function()
	--By Rufus14, FPS unlocker really recommended to improve hitbox (serverside anims amazig;.)
	tool = script.Parent
	handle = tool.Handle
	trail = handle.trail
	players = game:GetService("Players")
	runservice = game:GetService("RunService")
	tweenservice = game:GetService("TweenService")
	player = nil
	character = nil
	charhum = nil
	validatetick = nil
	lastswingtick = tick()
	equiptick = nil
	swinganimation = 0
	state = "unequipped"
	hitpeople = {}
	remote = tool.RemoteEvent
	cfnew = CFrame.new
	cfeuler = CFrame.fromEulerAnglesXYZ
	headoffset = 0
	speedbuff = 3
	animslowdownmult = 1
	damage = 32
	ragdolldeath = true
	ragdolldespawntime = 10
	swingids = {7025241907, 7025242231, 7025242061}
	headshotids = {7025209172, 7025209359, 7025209663}

	function monar(WHAT, duration)
		game:GetService("Debris"):AddItem(WHAT, duration)
	end

	function pose(POSE, KEYFRAME, speeed, btick)
		if state ~= "unequipped" and btick == validatetick then
			local findhead = findthing("HeadWeld", character.Torso)
			local findrarm = findthing("RightArmWeld", character.Head)
			local findlarm = findthing("LeftArmWeld", character.Head)
			local findrootpart = findthing("HumanoidRootPartWeld", character.HumanoidRootPart)
			local findhandle = findthing("RightGrip", character["Right Arm"])
			local startheadcf = cfnew(0,1.15,0) * cfeuler(-headoffset/1.5,0,0) * cfnew(0,0.35,0)
			if POSE == "equip" then
				if KEYFRAME == 1 then
					tween(speeed, Enum.EasingStyle.Sine, Enum.EasingDirection.In, 0, false, 0, findhead, {C0 = startheadcf})
					tween(speeed, Enum.EasingStyle.Sine, Enum.EasingDirection.In, 0, false, 0, findlarm, {C0 = cfnew(-1.44015026, -1.21483612, -0.510011673, 0.939692616, -0.0593911, -0.336824089, -0.219846278, 0.649519145, -0.727868319, 0.262002617, 0.75802207, 0.59729147)})
					tween(speeed, Enum.EasingStyle.Sine, Enum.EasingDirection.In, 0, false, 0, findrarm, {C0 = cfnew(1.50723648, -0.872226715, -0.475799561, 0.993774354, -0.0206981599, 0.109471887, 0.105154656, -0.150392503, -0.983018041, 0.0368103981, 0.988409638, -0.147279769)})
				elseif KEYFRAME == 2 then
					tween(speeed, Enum.EasingStyle.Sine, Enum.EasingDirection.Out, 0, false, 0, findhead, {C0 = startheadcf})
					tween(speeed, Enum.EasingStyle.Sine, Enum.EasingDirection.Out, 0, false, 0, findlarm, {C0 = cfnew(-0.346603394, -0.875337601, -1.26449776, 0.386504501, -0.922008514, -0.0226809084, -0.380557179, -0.137031734, -0.91454798, 0.840113282, 0.362108439, -0.403840333)})
					tween(speeed, Enum.EasingStyle.Sine, Enum.EasingDirection.Out, 0, false, 0, findrarm, {C0 = cfnew(1.19728947, -1.18899059, -1.02231216, 0.723017693, 0.65307492, -0.225251526, 0.239422247, -0.542735159, -0.805056036, -0.648014128, 0.52813971, -0.548767924)})
					tween(speeed, Enum.EasingStyle.Sine, Enum.EasingDirection.Out, 0, false, 0, findrootpart, {C0 = cfnew()})
					tween(speeed, Enum.EasingStyle.Sine, Enum.EasingDirection.Out, 0, false, 0, findhandle, {C0 = cfnew(-0.146380901, -0.737253189, -1.19895506, -2.30073929e-05, 0.984813273, -0.173616707, 0.965931416, 0.0449533761, 0.254863977, 0.258798063, -0.167695761, -0.95126307)})
				end
			elseif POSE == "swing" then
				if KEYFRAME == 1 then
					tween(speeed, Enum.EasingStyle.Back, Enum.EasingDirection.Out, 0, false, 0, findhead, {C0 = cfnew(0,1.15,0) * cfeuler(-headoffset/1.5,0,0) * cfnew(0.0174388885, 0, -0.0302057266, 0.498782009, 0.034878239, 0.866025448, -0.0697564781, 0.997564077, 0, -0.863915861, -0.0604108907, 0.49999997) * cfnew(0,0.35,0)})
					tween(speeed, Enum.EasingStyle.Back, Enum.EasingDirection.Out, 0, false, 0, findlarm, {C0 = cfnew(1.26383877, -0.320791245, -0.0221424103, -0.453994513, -0.6217888, 0.638175189, -0.373202592, -0.517683685, -0.769885063, 0.809078932, -0.58769244, 0.00297236443)})
					tween(speeed, Enum.EasingStyle.Back, Enum.EasingDirection.Out, 0, false, 0, findrootpart, {C0 = cfnew(0, 0, 0, 0.49999997, 0, -0.866025448, 0, 1, 0, 0.866025448, 0, 0.49999997)})
					tween(speeed, Enum.EasingStyle.Back, Enum.EasingDirection.Out, 0, false, 0, findrarm, {C0 = cfnew(1.47292042, -0.71627903, 0.928699493, 0.864569545, -0.310034782, 0.395471781, -0.18596983, -0.928516686, -0.321359307, 0.466834486, 0.204291821, -0.860424399)})
					tween(speeed, Enum.EasingStyle.Back, Enum.EasingDirection.Out, 0, false, 0, findhandle, {C0 = cfnew(-0.146380901, -0.737253189, -1.19895506, -2.30073929e-05, 0.984813273, -0.173616707, 0.965931416, 0.0449533761, 0.254863977, 0.258798063, -0.167695761, -0.95126307)})
				elseif KEYFRAME == 2 then
					tween(speeed, Enum.EasingStyle.Sine, Enum.EasingDirection.In, 0, false, 0, findhead, {C0 = cfnew(0,1.15,0) * cfeuler(-headoffset/1.5,0,0) * cfnew(0.0377388, 0, -0.0217895508, 0.98171097, 0.0754790828, 0.174775332, -0.0818996057, 0.99619472, 0.0298090167, -0.171860278, -0.0435778685, 0.984156907) * cfnew(0,0.35,0)})
					tween(speeed, Enum.EasingStyle.Sine, Enum.EasingDirection.In, 0, false, 0, findlarm, {C0 = cfnew(0.468593597, -1.03038788, -1.23982811, 0.432251483, -0.812906563, -0.390309304, -0.815274477, -0.16733487, -0.554370344, 0.385338962, 0.557836533, -0.735072732)})
					tween(speeed, Enum.EasingStyle.Sine, Enum.EasingDirection.In, 0, false, 0, findrootpart, {C0 = cfnew(0, 0, 0, 0.965925753, 0, -0.258819252, 0, 1, 0, 0.258819252, 0, 0.965925753)})
					tween(speeed, Enum.EasingStyle.Sine, Enum.EasingDirection.In, 0, false, 0, findrarm, {C0 = cfnew(1.37798214, -1.33913612, -0.998968124, 0.723661661, 0.0184313767, -0.689908445, -0.593295872, -0.494076759, -0.635521889, -0.352581263, 0.86922276, -0.346609175)})
					tween(speeed, Enum.EasingStyle.Sine, Enum.EasingDirection.In, 0, false, 0, findhandle, {C0 = cfnew(-0.27100563, -1.7641201, -0.778264999, -0.0508781821, 0.977075875, -0.206721604, 0.787041605, -0.088194713, -0.61056298, -0.61479789, -0.193762809, -0.764512599)})
				elseif KEYFRAME == 3 then
					tween(speeed, Enum.EasingStyle.Back, Enum.EasingDirection.Out, 0, false, 0, findhead, {C0 = cfnew(0,1.15,0) * cfeuler(-headoffset/1.5,0,0) * cfnew(-0.0290613174, 0, 0.0341873169, 0.642215371, -0.0581262708, -0.764317155, -0.0151344156, 0.995964825, -0.0884597152, 0.766374826, 0.0683777183, 0.638743997) * cfnew(0,0.35,0)})
					tween(speeed, Enum.EasingStyle.Back, Enum.EasingDirection.Out, 0, false, 0, findlarm, {C0 = cfnew(-1.34177113, -1.71902466, -0.075170517, 0.540476441, 0.622194886, -0.566355288, -0.827879965, 0.513294995, -0.226147667, 0.149999231, 0.591101706, 0.792526603)})
					tween(speeed, Enum.EasingStyle.Back, Enum.EasingDirection.Out, 0, false, 0, findrootpart, {C0 = cfnew(0, 0, 0, 0.707106888, -0.122787632, 0.696364164, 0, 0.984807789, 0.17364797, -0.70710665, -0.122787677, 0.696364343)})
					tween(speeed, Enum.EasingStyle.Back, Enum.EasingDirection.Out, 0, false, 0, findrarm, {C0 = cfnew(-0.689968109, -1.82466888, -1.10832024, 0.0564864352, 0.983989894, 0.169034928, -0.723721862, 0.156985015, -0.67199868, -0.687775791, -0.0843754783, 0.72100246)})
